1000
47 12 17
67 7 4
8 30 28
58 14 37
54 46 11
33 7 5
5 42 42
18 15 21
53 22 11
17 7 17
8 46 36
1 3 1
31 15 36
50 24 33
2 89 40
13 41 16
33 26 40
28 6 17
61 34 0
4 4 4
3 67 31
16 2 8
9 10 2
29 56 62
7 9 2
29 15 1
45 14 51
14 32 13
28 9 22
19 8 25
23 33 55
12 65 22
53 16 42
16 53 53
84 13 57
7 48 2
22 14 16
9 25 22
26 60 83
8 9 0
35 17 24
38 6 26
58 37 17
5 1 2
9 39 38
3 11 0
5 1 5
12 26 24
13 79 65
4 10 2
9 1 3
6 49 21
12 1 11
5 2 0
55 14 27
10 6 2
13 29 4
46 11 29
26 29 0
3 21 13
37 58 31
56 14 7
24 54 72
16 19 3
40 27 53
50 14 46
5 33 12
1 19 0
66 34 3
1 9 1
61 10 12
14 20 12
40 51 13
4 36 5
31 54 74
12 11 13
5 12 0
0 26 8
41 45 39
8 33 39
44 8 36
14 70 48
4 84 8
5 75 75
15 2 1
2 14 13
26 18 15
37 57 18
18 56 73
12 24 30
29 29 46
9 25 15
0 34 26
0 35 10
3 19 16
54 9 29
17 55 22
12 75 58
4 23 4
23 21 32
1 98 44
3 10 1
15 53 38
19 39 44
55 20 35
28 71 55
31 25 45
57 6 44
10 34 5
3 33 5
17 11 10
11 12 7
41 14 42
1 12 0
10 18 10
24 39 11
49 36 61
20 70 19
5 18 22
3 1 0
2 20 21
30 6 5
25 4 20
49 37 82
83 10 14
14 58 71
73 11 3
28 24 4
8 55 39
24 19 29
25 63 68
18 29 2
5 79 6
36 27 24
60 37 91
7 54 1
13 39 5
9 70 50
7 1 6
11 18 27
28 54 63
24 18 1
24 12 17
0 66 16
24 25 38
9 2 2
36 26 51
43 49 39
12 29 33
10 21 19
5 10 4
54 14 34
1 26 18
57 15 7
76 13 40
8 61 68
5 36 7
16 66 54
17 80 16
8 40 18
8 22 16
3 26 7
65 30 24
8 5 9
36 8 34
73 16 6
52 4 16
26 74 9
25 28 0
2 18 14
8 23 15
43 26 32
65 8 40
17 17 33
6 8 10
8 8 5
39 7 3
67 4 25
9 71 23
12 7 18
12 1 3
19 13 20
33 60 63
16 9 22
76 24 29
9 49 54
14 1 10
58 6 9
34 4 15
72 10 8
20 74 28
2 3 0
40 53 40
43 11 36
2 2 1
14 71 21
24 61 17
11 1 8
31 34 0
20 80 64
80 5 32
1 4 0
3 22 13
38 35 40
18 62 44
48 13 1
32 1 32
14 78 76
1 7 6
48 18 35
4 26 8
16 2 10
14 46 59
25 23 14
7 4 2
38 58 93
30 33 16
67 8 51
98 1 96
4 18 4
3 24 8
4 1 3
49 15 0
48 47 53
11 42 17
3 42 29
28 26 34
45 20 20
0 93 20
68 32 24
26 62 50
15 26 37
14 2 0
18 19 31
18 9 20
27 40 4
6 10 12
22 36 19
20 13 25
67 33 40
12 12 6
1 38 32
7 2 2
77 20 4
17 35 16
60 23 80
10 75 5
13 12 1
3 22 10
9 25 6
53 22 68
15 10 7
7 82 72
9 73 65
2 44 29
52 35 77
46 53 14
17 20 14
3 60 60
53 22 56
19 1 2
31 57 52
47 25 46
3 84 31
21 1 16
1 2 0
48 52 53
16 60 66
48 41 11
15 59 42
44 36 40
19 15 12
14 60 26
4 4 1
4 81 80
2 1 1
92 4 55
1 1 0
25 19 36
15 31 42
18 29 21
8 11 9
13 27 34
9 87 13
17 5 20
5 9 6
4 2 3
1 1 1
44 40 58
34 34 62
4 24 17
52 31 21
19 5 9
17 1 11
2 6 1
31 31 23
8 28 28
16 65 29
16 5 11
3 92 59
7 22 28
6 44 6
83 14 14
25 17 4
90 3 83
60 22 27
57 10 65
25 14 2
0 4 1
0 1 0
26 4 2
2 89 88
37 12 25
86 9 8
70 8 48
13 4 14
28 3 24
6 18 23
6 39 24
70 13 33
1 3 0
87 1 82
14 51 58
5 7 0
3 42 39
39 36 44
12 53 36
0 1 0
10 6 8
4 26 29
13 76 49
25 48 68
36 47 62
6 10 9
40 25 35
7 14 11
35 30 9
40 28 16
5 11 1
12 53 13
46 20 37
27 22 27
25 31 7
35 48 57
2 74 17
11 2 2
5 5 4
0 1 0
38 19 15
59 16 10
29 11 5
34 21 48
54 6 14
0 15 8
25 10 0
0 16 7
80 1 62
63 34 35
6 10 7
46 8 20
17 23 18
13 4 9
1 4 2
4 88 52
22 70 51
1 16 3
6 38 10
30 3 1
35 21 41
16 63 18
58 10 3
2 36 22
16 23 24
7 69 19
40 45 69
7 81 38
46 52 19
23 5 20
48 32 48
42 15 48
22 15 30
9 3 8
7 29 2
5 64 41
56 20 10
3 42 26
9 82 48
28 18 41
29 25 46
45 38 76
16 69 40
16 37 19
0 1 0
71 16 48
2 52 29
30 10 18
49 17 17
47 28 53
0 1 0
21 28 3
33 18 6
6 16 21
1 1 0
57 22 58
18 65 44
51 43 46
2 2 2
9 1 2
17 21 9
7 14 2
0 13 0
3 1 3
2 3 2
40 16 37
18 54 67
19 66 84
16 19 30
30 40 45
10 24 21
13 20 11
0 1 0
54 16 52
17 32 13
15 71 9
0 20 19
32 19 8
49 21 14
68 27 19
19 33 21
13 28 18
20 43 16
18 1 12
25 59 10
4 2 0
8 7 4
67 27 25
65 23 67
43 10 21
40 9 11
7 7 12
17 51 58
6 17 7
55 33 50
6 8 13
4 4 4
34 60 6
3 1 2
10 65 73
67 11 17
42 6 19
13 6 14
17 20 26
28 1 12
9 34 9
19 46 63
5 60 31
67 26 28
2 70 45
30 17 16
47 23 59
62 19 0
26 17 7
2 28 13
55 18 50
28 1 8
55 10 17
16 5 0
24 18 29
2 26 1
7 23 21
0 9 1
18 15 8
61 19 41
27 6 23
8 1 1
56 12 35
29 21 1
42 22 38
26 5 18
2 30 25
5 11 0
62 37 56
6 17 17
13 3 6
58 11 17
21 28 41
32 36 37
21 51 43
61 21 47
7 87 63
2 29 5
9 10 6
23 33 31
8 64 2
4 86 1
8 36 27
28 66 72
13 2 2
58 40 81
7 67 31
51 16 50
38 52 34
20 55 41
7 48 23
32 29 40
0 2 0
51 46 39
58 37 75
1 11 5
18 12 17
3 24 13
25 51 10
47 23 5
17 19 3
39 50 8
30 20 29
41 26 45
3 3 0
10 34 22
5 4 1
14 32 40
34 5 9
52 1 40
19 29 11
45 2 36
9 30 36
26 43 16
2 78 30
19 21 36
15 83 18
19 8 11
5 40 27
29 60 52
24 14 22
75 18 31
8 10 15
7 4 7
32 40 36
57 37 1
19 71 17
0 41 27
16 56 63
8 4 7
19 9 2
2 7 4
35 59 83
30 3 26
40 52 65
18 10 16
0 37 19
60 15 33
81 9 53
68 2 57
16 1 0
23 9 14
2 9 7
32 62 36
15 34 32
51 3 51
15 39 15
1 93 22
4 1 2
32 46 11
1 6 1
37 40 68
63 20 79
37 6 28
19 48 24
16 15 5
24 4 14
46 2 20
4 78 30
3 3 5
53 26 40
46 38 71
54 24 46
50 8 39
17 38 39
1 7 1
74 24 55
63 1 2
14 14 11
10 23 16
5 93 60
34 55 34
24 17 30
10 1 0
21 29 33
13 37 43
1 18 6
3 9 7
12 10 16
46 7 10
24 11 11
4 21 22
0 1 0
6 89 47
90 9 60
19 15 12
75 4 35
45 16 47
5 75 72
1 16 9
47 29 1
20 19 5
2 85 39
32 20 8
36 55 29
40 19 40
6 9 14
2 2 1
27 14 34
25 29 4
2 24 6
5 50 40
16 13 23
26 15 30
11 42 43
13 2 4
14 61 57
37 19 37
17 52 16
71 18 53
15 4 0
90 3 52
15 26 8
1 8 1
0 45 4
19 80 87
27 28 33
15 24 12
60 5 30
8 55 19
13 36 5
0 3 0
57 6 22
12 3 12
32 30 50
87 12 85
9 22 7
2 24 21
37 50 67
2 1 2
17 65 46
37 8 27
12 35 24
0 20 0
1 4 1
0 1 0
38 42 43
0 10 7
14 86 74
4 17 10
5 8 0
40 3 5
26 29 41
54 39 40
0 14 10
10 55 32
49 49 30
4 9 12
18 32 15
21 4 6
45 6 2
23 50 70
22 27 17
14 77 11
25 39 5
21 9 13
11 28 36
59 10 56
23 28 19
2 16 17
4 20 9
2 49 26
19 76 87
37 18 6
43 6 10
1 30 29
3 1 0
5 94 59
17 6 6
10 19 28
8 31 29
18 46 10
27 72 22
85 13 78
3 4 4
27 10 26
4 2 1
5 10 2
19 4 18
51 34 17
38 35 29
50 38 18
12 42 28
7 14 7
37 44 20
18 29 28
18 32 25
42 36 75
30 20 1
5 15 9
1 1 0
3 20 20
55 27 43
49 31 66
34 35 37
6 42 36
24 23 5
40 34 50
26 49 6
43 33 68
56 2 32
1 5 5
14 73 42
27 25 24
61 37 77
80 3 55
29 11 26
23 6 6
5 9 2
10 62 2
81 3 52
52 22 26
34 47 15
30 28 25
8 70 26
5 16 4
7 30 29
18 6 23
3 7 3
22 26 26
52 3 13
7 28 22
50 9 43
9 3 4
3 18 4
3 4 3
17 52 8
27 21 10
12 11 21
3 13 9
4 3 3
3 97 82
49 3 11
1 2 0
1 2 0
29 25 50
23 15 37
6 37 36
0 1 0
22 3 0
13 25 29
13 10 17
4 53 23
27 41 11
9 9 5
19 64 1
35 2 18
48 20 22
27 72 13
9 34 38
73 23 67
3 8 3
4 22 2
35 61 53
18 18 19
0 65 5
29 14 33
83 3 71
41 3 15
59 30 72
3 33 2
8 35 20
40 21 45
66 24 46
9 26 7
23 75 21
31 2 10
69 12 77
50 35 6
33 11 13
14 22 5
49 1 49
6 7 9
2 26 22
0 16 4
28 66 52
44 3 2
44 17 41
3 4 0
14 70 17
16 17 18
15 40 18
1 5 1
53 12 20
4 23 0
23 60 38
34 64 8
52 9 47
4 59 26
24 22 30
15 32 15
43 14 4
4 12 14
23 64 71
4 3 6
0 15 2
2 2 1
62 1 8
60 7 50
2 56 51
20 6 13
5 54 12
1 5 5
51 33 25
44 24 19
0 74 57
6 40 27
11 20 13
12 29 37
25 7 4
29 8 17
12 30 34
0 1 0
7 11 3
57 2 14
0 2 0
59 23 37
10 85 44
23 31 5
16 53 65
84 5 88
12 48 59
4 34 22
42 49 12
2 3 3
28 9 8
1 2 0
31 27 35
6 58 26
66 22 55
28 62 13
39 56 1
12 2 4
3 1 1
0 1 0
12 7 9
79 6 47
15 79 32
15 63 33
20 8 26
40 35 45
1 8 1
7 15 4
8 58 64
8 48 4
4 1 3
3 12 5
1 18 12
10 1 6
4 40 19
7 83 25
49 36 81
32 60 38
31 17 29
14 31 22
73 12 69
2 8 5
12 58 34
11 16 6
17 74 41
0 3 0
80 18 46
75 1 23
3 47 8
43 33 67
3 2 4
1 3 0
4 5 8
29 36 6
21 29 44
90 1 0
8 5 0
42 36 41
39 18 2
1 16 9
9 4 1
25 27 44
1 99 35
56 20 25
83 7 31
69 15 3
44 55 78
23 49 29
23 19 14
52 7 53
41 28 68
14 41 17
0 31 25
10 56 39
11 28 30
36 4 8
20 3 9
32 2 11
48 3 3
4 17 15
17 58 13
13 51 9
42 49 51
36 33 25
25 37 20
7 17 7
29 63 24
9 74 71
11 63 35
35 38 2
19 79 78
1 10 7
13 4 10
33 33 31
53 29 2
6 4 4
3 26 28
39 54 33
13 10 7
56 6 58
59 7 25
2 1 1
38 44 44
45 36 17
7 12 13
26 7 20
16 3 10
68 27 54
20 31 10
42 43 46
2 16 15
5 22 1
20 3 18
58 40 17
48 23 50
32 24 22
22 2 14
12 6 8
13 11 9
13 50 19
15 44 18
2 12 8
57 29 4
14 81 52
0 6 0
1 3 1
6 40 12
45 15 46
3 40 40
56 12 46
25 20 26
13 26 5
29 28 24
52 28 44
74 13 58
21 29 13
58 41 87
34 20 38
8 4 5
33 39 12
19 51 34
19 9 1
2 18 1
39 28 19
17 55 5
34 21 33
51 18 22
66 21 5
5 27 14
44 29 6
19 7 16
57 43 63
4 5 6
0 90 10
39 52 55
50 14 6
31 38 39
3 44 14
20 43 53
16 41 13
7 91 68
16 64 30
66 29 28
10 37 44
11 8 13
76 22 26
14 70 59
7 69 3
20 11 25
1 7 4
58 20 28
0 14 13
